1123 12
189 14
370 3
679 3
1787 10
1840 6
1063 19
424 14
517 17
386 1
1627 15
1864 17
350 11
1004 15
941 1
1653 19
176 19
1093 11
1615 9
1199 14
1503 0
579 2
1455 2
215 4
1371 5
1726 9
1852 18
1828 14
886 0
335 11
1835 19
683 17
251 7
361 18
1188 10
109 16
1690 4
33 3
1151 14
599 19
1988 7
620 12
1260 3
525 2
1665 0
1671 3
186 1
1939 14
1858 1
1375 3
642 15
631 3
1222 8
1555 9
442 0
146 1
761 12
1917 14
1951 11
246 6
1463 13
1841 3
992 18
668 5
37 1
1967 8
102 19
1810 14
940 13
1292 12
165 1
996 17
970 1
1328 17
1888 15
858 18
1522 15
1449 11
1785 13
1362 19
387 0
1548 7
1748 13
306 7
921 5
546 11
71 17
132 4
347 7
904 13
1625 7
225 0
1434 4
327 13
1727 11
498 3
235 0
1052 8
1498 9
1741 14
1604 10
1116 15
1397 14
1133 17
234 3
388 8
813 4
279 10
183 16
1258 8
872 14
243 12
1216 7
1752 7
1894 6
889 8
1377 5
162 9
1186 9
1687 9
1969 15
1232 13
1980 4
716 5
686 19
1691 5
218 2
1808 14
486 8
1714 7
643 11
1689 2
1975 5
1577 16
534 13
1805 18
1848 11
14 14
1293 6
775 13
1402 8
1338 12
635 19
73 11
594 1
701 5
428 1
1702 11
779 17
1205 17
1538 12
1407 2
910 2
117 12
1552 0
175 16
429 3
1014 5
786 15
803 5
1459 3
853 11
1175 11
435 9
1422 18
1244 12
172 0
898 4
769 0
1041 18
1949 9
950 12
1481 5
1192 0
1576 1
1861 15
1190 13
728 16
932 12
478 14
995 17
267 16
84 4
27 15
1256 13
321 6
99 8
481 16
111 1
604 11
1333 5
1370 9
1862 3
1058 3
951 14
895 5
1321 1
915 0
1769 11
122 4
363 5
1505 3
1753 2
577 7
1423 6
800 9
555 10
1516 16
1642 1
1626 4
531 2
1048 16
18 17
1028 4
1491 14
952 18
344 19
1839 0
142 2
219 7
233 1
254 12
1057 19
548 7
617 9
1138 12
822 2
1203 15
1164 14
1366 13
1326 6
1204 6
1254 18
1295 5
1631 8
1353 4
1736 17
1247 19
476 10
718 9
499 6
1182 9
1514 4
1758 3
1490 7
1601 2
827 12
1931 6
1564 0
1640 18
720 15
1643 1
522 3
619 16
588 16
153 13
195 8
690 1
1237 12
695 2
276 3
986 15
1330 17
1454 17
137 12
257 16
1814 2
1559 6
362 18
1433 3
797 14
820 9
1554 4
110 6
1060 15
345 5
892 10
742 4
1107 9
239 17
1355 12
501 0
529 1
667 18
50 17
1651 16
1068 8
1233 10
380 15
1925 8
337 11
1076 14
1483 18
665 4
48 3
1922 8
961 19
510 9
1901 5
241 12
572 9
226 18
526 12
169 12
205 15
832 19
796 16
591 10
356 11
1614 10
1061 6
494 8
98 7
893 4
25 11
1533 8
1312 4
1029 18
1406 17
660 8
1960 7
365 2
214 2
783 3
1856 16
19 9
51 13
26 5
707 16
263 8
535 4
723 0
1983 7
1345 1
1099 0
1305 8
844 3
1085 15
1557 2
456 10
87 10
1585 3
124 14
8 14
1391 7
1711 10
1223 16
1349 1
393 9
1937 4
409 10
516 5
1938 1
318 4
523 1
833 3
945 15
977 19
1961 12
1757 10
1278 16
440 10
1543 13
1083 14
2 17
712 4
1521 8
990 8
983 11
948 0
1826 18
860 11
1409 12
1016 2
1072 15
1111 13
202 2
448 4
918 3
39 5
1179 15
1084 14
754 6
85 6
1698 3
1480 19
1632 0
1878 3
138 0
1092 18
1889 6
1732 12
502 2
1251 15
567 7
608 18
1373 12
1981 14
466 19
1968 1
944 16
208 9
925 6
167 14
221 3
1332 16
166 16
204 19
1532 7
1002 19
29 15
1766 14
1390 16
488 3
789 6
1563 14
1703 18
1712 3
1024 6
1788 18
727 7
842 3
281 8
22 0
348 19
1833 17
1081 1
1055 11
943 6
1537 18
1322 9
1708 11
1419 9
957 12
636 12
203 16
147 12
1935 16
1447 13
1032 8
670 12
12 3
245 4
946 3
1884 12
1440 15
1208 13
1241 14
489 0
313 11
1877 16
1685 9
1462 7
81 18
541 14
1466 19
485 1
1921 19
1441 8
553 2
1865 5
1346 0
1558 7
1235 0
1819 17
566 4
1534 18
1700 10
570 1
1679 3
1317 10
302 12
1569 11
1991 19
213 17
1879 18
929 0
840 16
1307 14
815 0
1185 5
1439 1
1131 8
371 3
1824 6
1811 0
934 5
1675 12
473 7
1234 11
1956 0
144 17
1230 1
465 12
978 18
1351 11
1593 8
264 14
751 2
1578 2
1452 19
894 11
4 5
247 5
655 2
1122 6
432 0
58 17
293 18
1189 2
1365 10
141 8
622 6
1045 6
1124 3
624 18
1267 11
1818 7
283 7
1541 3
509 18
1713 6
1579 5
384 10
1273 10
1775 19
269 13
956 9
1448 13
1106 16
62 7
1772 11
1010 4
1166 10
1718 15
1110 9
953 8
60 2
741 5
802 9
1050 3
1289 7
1606 12
1923 12
290 13
52 11
1582 1
1119 15
78 17
1681 3
1125 9
1936 18
1400 18
70 15
1997 19
1707 9
1486 3
780 19
1815 1
1301 4
1374 5
549 8
311 3
500 10
1385 9
326 19
1786 15
933 10
1263 1
1437 17
212 8
1046 15
160 15
1515 11
1546 16
1556 6
1299 14
1638 9
1941 3
452 7
653 0
1603 11
342 1
969 11
1361 8
1316 1
1652 12
1812 12
697 12
1560 10
1896 1
875 4
711 3
867 14
829 6
316 17
1200 3
809 9
482 5
1612 1
511 9
1094 14
935 11
0 5
1876 9
1298 9
1699 17
743 13
1948 9
277 17
625 0
574 0
1842 15
1210 16
1170 10
418 10
725 5
750 6
1080 14
458 6
1171 10
1148 6
42 8
1310 2
845 9
1360 17
1325 8
994 11
863 14
839 14
1979 16
284 0
163 12
310 14
421 1
646 1
211 9
319 3
672 0
1918 10
1668 11
1403 10
748 7
563 18
1026 17
228 13
36 8
1102 7
179 3
1508 16
1669 10
1152 2
1496 17
1158 15
1683 8
1813 9
95 10
781 16
562 12
1782 19
6 10
1677 14
248 8
966 16
740 15
964 17
1774 17
1109 7
1404 11
1851 1
1344 1
378 11
587 1
1271 7
1153 8
973 12
1886 8
1042 17
1159 1
493 1
767 19
963 17
1633 7
369 4
170 14
1867 8
806 3
490 4
1644 14
360 5
678 14
580 17
654 11
1678 17
1754 6
1379 18
1135 11
1309 6
1036 16
922 19
1972 6
201 14
1212 12
729 3
1378 11
1540 2
1688 8
1898 0
1194 16
1519 14
1946 19
1500 9
1287 15
692 9
477 15
1709 4
793 6
733 2
177 3
375 5
1701 6
1304 17
1056 16
1105 4
722 6
1784 12
487 14
1470 6
1294 3
92 16
1639 17
1323 0
1744 13
1227 18
1030 7
528 10
336 5
634 7
968 18
666 6
874 4
491 5
1038 7
400 10
1174 10
1796 18
53 12
1525 12
1144 2
1297 1
118 4
1008 3
1308 19
398 2
1623 4
133 9
736 7
1724 12
444 16
689 13
790 1
578 19
1838 15
1187 14
1998 11
1767 11
1929 17
291 1
377 3
607 11
962 16
1506 6
641 6
1465 8
765 3
644 6
1567 5
1380 8
349 9
1770 13
763 1
981 14
16 9
34 6
1438 11
1621 13
880 1
459 17
565 6
985 15
1944 13
1855 10
1246 19
568 17
1990 5
785 15
1801 6
1359 16
687 17
649 14
1847 6
1228 17
817 18
278 18
1706 19
1261 5
540 6
1507 7
1395 10
1594 2
280 19
772 0
980 7
1682 16
870 17
82 12
1207 4
1073 11
1795 13
1562 7
40 5
35 17
1103 1
582 11
1827 0
1393 17
520 9
614 16
1913 18
1489 3
416 17
896 16
777 12
671 2
688 17
731 7
1431 1
1394 2
1755 5
1442 3
538 15
1637 1
926 13
1416 7
1040 12
1467 8
1914 0
1549 6
1834 5
1265 16
965 19
1676 12
1408 13
472 0
1771 1
1003 16
600 4
207 1
768 2
66 6
857 12
1001 3
569 12
1511 6
150 17
436 10
121 7
1807 19
1630 16
1849 18
551 18
1881 1
1285 1
1751 12
108 12
1033 4
10 16
230 17
1087 4
694 16
1331 19
1284 10
330 0
794 12
1376 4
449 16
1832 6
1163 19
114 0
174 11
256 5
1167 9
515 8
1655 13
1674 10
1126 4
505 12
23 2
593 17
954 9
774 6
1173 13
346 7
1469 1
1987 9
1453 2
1596 11
339 4
148 8
120 12
1006 13
1428 4
340 8
1451 11
57 6
947 6
1264 13
865 11
507 9
756 5
1528 14
1461 5
1962 3
1963 19
1854 6
1177 4
366 12
919 4
1196 15
1695 18
1768 0
1492 19
550 8
209 7
238 16
1900 1
911 10
661 6
462 17
804 7
1386 7
492 2
971 1
595 0
191 14
1950 2
536 11
681 11
812 8
1147 12
518 18
427 11
512 12
1141 4
1933 9
1880 11
441 8
798 9
200 12
1716 18
527 6
1497 9
1296 12
1911 2
1277 10
770 5
178 15
411 13
1897 16
1049 13
650 8
877 14
447 14
159 3
314 7
1629 7
623 15
576 12
105 18
364 18
1201 18
856 0
460 1
907 6
1909 5
76 0
381 12
217 16
997 16
891 6
1220 9
1926 6
1622 11
320 1
1661 11
1479 9
1417 9
1411 19
1009 3
1831 16
